24 David Independiente Barcelona 17 10 1995
24 Anna Republicana Tarragona 24 2 1996
2 3 1 17 10 1995 23 2 1996 2 24 2 1996 18 11 2002 4 1 1 2008 1 1 2009
1
3
4
5 3 19 11 2002 1 1 2007
1
3
4
7 5
6 5 1 1 2010
7 5
1
3
4
8 1
1
3
4
13 4
13 5
11 4
12 4
11 5
9 5 1 1 2010
10 5 1 1 2011
1
3
4
7 5
13 5
14 5
1
3
4
7 5
11 5
13 5
15 2 David
15 3 David
15 3 Anna
15 4 Anna
16 2 5 David Anna
17 2
17 3
17 4
17 5
18 5 David
18 4 David
19 5 David
18 5 David
20 3
17 2
17 3
17 4
17 5
21 Anna
17 2
17 3
17 4
17 5
22 1 1 2000
23
-1